-0.309638	0.200123	
-0.309543	0.200341	
-0.309416	0.200634	
-0.309263	0.200983	
-0.309089	0.201376	
-0.3089	0.201805	
-0.308698	0.20226	
-0.308488	0.202737	
-0.30827	0.203231	
-0.308048	0.203738	
-0.307822	0.204257	
-0.307594	0.204784	
-0.307365	0.205318	
-0.307136	0.205859	
-0.306906	0.206406	
-0.306678	0.206957	
-0.30645	0.207512	
-0.306224	0.208071	
-0.305999	0.208634	
-0.305775	0.2092	
-0.305553	0.209769	
-0.305333	0.210341	
-0.305115	0.210917	
-0.304898	0.211495	
-0.304683	0.212076	
-0.30447	0.21266	
-0.304258	0.213247	
-0.304048	0.213837	
-0.303839	0.21443	
-0.303632	0.215025	
-0.303426	0.215624	
-0.303222	0.216225	
-0.303019	0.216829	
-0.302817	0.217436	
-0.302615	0.218046	
-0.302415	0.218659	
-0.302216	0.219275	
-0.302018	0.219894	
-0.301821	0.220516	
-0.301624	0.22114	
-0.301428	0.221768	
-0.301232	0.222398	
-0.301037	0.223032	
-0.300842	0.223668	
-0.300648	0.224307	
-0.300454	0.224949	
-0.300261	0.225593	
-0.300067	0.226241	
-0.299874	0.226891	
-0.299681	0.227544	
-0.299488	0.228199	
-0.299295	0.228857	
-0.299102	0.229518	
-0.298909	0.230181	
-0.298716	0.230847	
-0.298522	0.231515	
-0.298329	0.232185	
-0.298135	0.232858	
-0.297941	0.233533	
-0.297746	0.234209	
-0.297552	0.234888	
-0.297357	0.235569	
-0.297161	0.236252	
-0.296966	0.236936	
-0.296769	0.237622	
-0.296573	0.23831	
-0.296376	0.238999	
-0.296178	0.239689	
-0.29598	0.240381	
-0.295782	0.241074	
-0.295583	0.241767	
-0.295384	0.242461	
-0.295184	0.243157	
-0.294983	0.243852	
-0.294782	0.244548	
-0.294581	0.245245	
-0.294378	0.245941	
-0.294176	0.246638	
-0.293973	0.247334	
-0.293769	0.24803	
-0.293565	0.248726	
-0.293361	0.249421	
-0.293156	0.250115	
-0.29295	0.250809	
-0.292744	0.251501	
-0.292538	0.252193	
-0.292331	0.252883	
-0.292124	0.253572	
-0.291916	0.254259	
-0.291708	0.254945	
-0.291499	0.255628	
-0.29129	0.25631	
-0.291081	0.25699	
-0.290872	0.257668	
-0.290662	0.258343	
-0.290452	0.259016	
-0.290242	0.259687	
-0.290031	0.260355	
-0.289821	0.26102	
-0.28961	0.261683	
-0.289399	0.262343	
-0.289187	0.263	
-0.288976	0.263654	
-0.288765	0.264305	
-0.288553	0.264953	
-0.288342	0.265598	
-0.28813	0.26624	
-0.287918	0.266878	
-0.287707	0.267513	
-0.287495	0.268145	
-0.287284	0.268774	
-0.287072	0.2694	
-0.286861	0.270022	
-0.286649	0.270641	
-0.286438	0.271257	
-0.286227	0.271869	
-0.286017	0.272479	
-0.285806	0.273085	
-0.285595	0.273688	
-0.285385	0.274287	
-0.285175	0.274884	
-0.284965	0.275478	
-0.284756	0.276068	
-0.284547	0.276656	
-0.284338	0.277241	
-0.284129	0.277822	
-0.283921	0.278401	
-0.283713	0.278978	
-0.283505	0.279551	
-0.283298	0.280122	
-0.283091	0.280691	
-0.282884	0.281257	
-0.282678	0.281821	
-0.282472	0.282382	
-0.282266	0.282941	
-0.282061	0.283498	
-0.281857	0.284053	
-0.281652	0.284606	
-0.281448	0.285158	
-0.281245	0.285707	
-0.281042	0.286254	
-0.280839	0.2868	
-0.280637	0.287345	
-0.280435	0.287887	
-0.280233	0.288429	
-0.280032	0.288969	
-0.279831	0.289508	
-0.279631	0.290046	
-0.279431	0.290582	
-0.279231	0.291118	
-0.279032	0.291653	
-0.278834	0.292187	
-0.278635	0.29272	
-0.278437	0.293253	
-0.27824	0.293785	
-0.278043	0.294316	
-0.277846	0.294847	
-0.277649	0.295378	
-0.277453	0.295908	
-0.277257	0.296438	
-0.277062	0.296968	
-0.276867	0.297498	
-0.276672	0.298027	
-0.276478	0.298557	
-0.276284	0.299087	
-0.27609	0.299617	
-0.275897	0.300147	
-0.275703	0.300678	
-0.275511	0.301208	
-0.275318	0.301739	
-0.275126	0.302271	
-0.274934	0.302803	
-0.274742	0.303335	
-0.27455	0.303868	
-0.274359	0.304401	
-0.274168	0.304935	
-0.273977	0.30547	
-0.273786	0.306005	
-0.273596	0.306541	
-0.273406	0.307078	
-0.273216	0.307615	
-0.273026	0.308154	
-0.272836	0.308693	
-0.272647	0.309232	
-0.272457	0.309773	
-0.272268	0.310314	
-0.272079	0.310857	
-0.27189	0.3114	
-0.271701	0.311944	
-0.271512	0.312488	
-0.271324	0.313034	
-0.271135	0.313581	
-0.270947	0.314128	
-0.270758	0.314676	
-0.27057	0.315225	
-0.270382	0.315775	
-0.270194	0.316326	
-0.270005	0.316877	
-0.269817	0.317429	
-0.269629	0.317982	
-0.269441	0.318536	
-0.269253	0.319091	
-0.269065	0.319646	
-0.268877	0.320202	
-0.268689	0.320758	
-0.268501	0.321315	
-0.268312	0.321873	
-0.268124	0.322432	
-0.267936	0.322991	
-0.267748	0.32355	
-0.267559	0.32411	
-0.267371	0.32467	
-0.267182	0.325231	
-0.266994	0.325792	
-0.266805	0.326354	
-0.266616	0.326916	
-0.266427	0.327478	
-0.266238	0.328041	
-0.266049	0.328603	
-0.265859	0.329166	
-0.26567	0.329729	
-0.26548	0.330293	
-0.26529	0.330856	
-0.2651	0.331419	
-0.26491	0.331983	
-0.264719	0.332546	
-0.264528	0.33311	
-0.264337	0.333673	
-0.264146	0.334237	
-0.263955	0.3348	
-0.263763	0.335363	
-0.263571	0.335926	
-0.263379	0.336489	
-0.263186	0.337052	
-0.262993	0.337615	
-0.2628	0.338177	
-0.262606	0.338739	
-0.262413	0.339301	
-0.262218	0.339863	
-0.262024	0.340425	
-0.261829	0.340986	
-0.261634	0.341547	
-0.261438	0.342108	
-0.261242	0.342668	
-0.261045	0.343228	
-0.260848	0.343788	
-0.260651	0.344348	
-0.260453	0.344908	
-0.260255	0.345467	
-0.260056	0.346026	
-0.259857	0.346585	
-0.259657	0.347143	
-0.259457	0.347701	
-0.259256	0.34826	
-0.259054	0.348818	
-0.258852	0.349375	
-0.25865	0.349933	
-0.258447	0.350491	
-0.258243	0.351048	
-0.258039	0.351606	
-0.257834	0.352163	
-0.257629	0.35272	
-0.257423	0.353278	
-0.257216	0.353835	
-0.257009	0.354393	
-0.256801	0.35495	
-0.256592	0.355508	
-0.256383	0.356066	
-0.256173	0.356624	
-0.255962	0.357182	
-0.255751	0.357741	
-0.255538	0.3583	
-0.255325	0.358859	
-0.255112	0.359418	
-0.254897	0.359978	
-0.254682	0.360538	
-0.254466	0.361099	
-0.254249	0.36166	
-0.254031	0.362222	
-0.253813	0.362784	
-0.253593	0.363347	
-0.253373	0.36391	
-0.253152	0.364474	
-0.25293	0.365039	
-0.252707	0.365604	
-0.252483	0.366171	
-0.252259	0.366737	
-0.252033	0.367305	
-0.251807	0.367873	
-0.251579	0.368443	
-0.251351	0.369013	
-0.251121	0.369584	
-0.250891	0.370155	
-0.250659	0.370728	
-0.250427	0.371302	
-0.250193	0.371876	
-0.249959	0.372451	
-0.249723	0.373028	
-0.249486	0.373605	
-0.249248	0.374183	
-0.249009	0.374762	
-0.248769	0.375342	
-0.248528	0.375923	
-0.248286	0.376505	
-0.248042	0.377088	
-0.247797	0.377672	
-0.247551	0.378256	
-0.247304	0.378842	
-0.247055	0.379428	
-0.246805	0.380015	
-0.246554	0.380603	
-0.246302	0.381192	
-0.246048	0.381782	
-0.245792	0.382372	
-0.245536	0.382963	
-0.245278	0.383554	
-0.245018	0.384147	
-0.244757	0.384739	
-0.244494	0.385332	
-0.24423	0.385926	
-0.243965	0.38652	
-0.243697	0.387114	
-0.243428	0.387709	
-0.243158	0.388304	
-0.242885	0.388899	
-0.242611	0.389494	
-0.242335	0.390089	
-0.242057	0.390684	
-0.241778	0.391279	
-0.241496	0.391873	
-0.241213	0.392468	
-0.240928	0.393062	
-0.24064	0.393655	
-0.240351	0.394248	
-0.240059	0.394841	
-0.239765	0.395432	
-0.239469	0.396023	
-0.239171	0.396613	
-0.23887	0.397202	
-0.238567	0.39779	
-0.238262	0.398376	
-0.237954	0.398962	
-0.237643	0.399545	
-0.23733	0.400128	
-0.237015	0.400709	
-0.236696	0.401288	
-0.236375	0.401866	
-0.236051	0.402441	
-0.235724	0.403015	
-0.235394	0.403587	
-0.235062	0.404156	
-0.234726	0.404724	
-0.234387	0.405288	
-0.234044	0.405851	
-0.233699	0.406411	
-0.23335	0.406968	
-0.232998	0.407523	
-0.232642	0.408075	
-0.232283	0.408624	
-0.23192	0.40917	
-0.231553	0.409713	
-0.231183	0.410253	
-0.230809	0.41079	
-0.230431	0.411323	
-0.230049	0.411853	
-0.229663	0.41238	
-0.229273	0.412903	
-0.228879	0.413423	
-0.228481	0.413939	
-0.228078	0.414451	
-0.227671	0.414959	
-0.227259	0.415464	
-0.226844	0.415965	
-0.226423	0.416462	
-0.225998	0.416955	
-0.225568	0.417444	
-0.225134	0.417929	
-0.224695	0.418409	
-0.224251	0.418886	
-0.223802	0.419359	
-0.223348	0.419827	
-0.222889	0.420291	
-0.222425	0.42075	
-0.221955	0.421206	
-0.221481	0.421657	
-0.221001	0.422103	
-0.220516	0.422545	
-0.220026	0.422983	
-0.21953	0.423417	
-0.219028	0.423846	
-0.218522	0.42427	
-0.218009	0.42469	
-0.217491	0.425106	
-0.216968	0.425517	
-0.216439	0.425923	
-0.215904	0.426325	
-0.215363	0.426723	
-0.214816	0.427116	
-0.214264	0.427505	
-0.213706	0.427889	
-0.213142	0.428268	
-0.212572	0.428644	
-0.211997	0.429014	
-0.211415	0.429381	
-0.210827	0.429742	
-0.210234	0.4301	
-0.209634	0.430453	
-0.209029	0.430801	
-0.208417	0.431145	
-0.2078	0.431485	
-0.207176	0.43182	
-0.206547	0.432151	
-0.205911	0.432478	
-0.20527	0.4328	
-0.204623	0.433118	
-0.20397	0.433431	
-0.203311	0.433741	
-0.202646	0.434046	
-0.201975	0.434347	
-0.201298	0.434643	
-0.200616	0.434936	
-0.199927	0.435224	
-0.199233	0.435508	
-0.198534	0.435788	
-0.197829	0.436064	
-0.197118	0.436336	
-0.196401	0.436604	
-0.19568	0.436868	
-0.194952	0.437127	
-0.19422	0.437383	
-0.193482	0.437635	
-0.192739	0.437882	
-0.191991	0.438126	
-0.191237	0.438366	
-0.190479	0.438602	
-0.189716	0.438835	
-0.188948	0.439063	
-0.188175	0.439288	
-0.187397	0.439508	
-0.186615	0.439725	
-0.185829	0.439939	
-0.185038	0.440148	
-0.184243	0.440354	
-0.183443	0.440557	
-0.18264	0.440755	
-0.181832	0.440951	
-0.18102	0.441142	
-0.180205	0.44133	
-0.179386	0.441515	
-0.178563	0.441696	
-0.177737	0.441873	
-0.176907	0.442048	
-0.176074	0.442219	
-0.175238	0.442386	
-0.174398	0.44255	
-0.173556	0.442711	
-0.17271	0.442869	
-0.171862	0.443024	
-0.171011	0.443175	
-0.170157	0.443323	
-0.169301	0.443469	
-0.168442	0.443611	
-0.167581	0.44375	
-0.166718	0.443886	
-0.165852	0.44402	
-0.164985	0.44415	
-0.164115	0.444278	
-0.163243	0.444403	
-0.16237	0.444525	
-0.161495	0.444645	
-0.160618	0.444762	
-0.159739	0.444876	
-0.158859	0.444988	
-0.157978	0.445097	
-0.157095	0.445204	
-0.156211	0.445309	
-0.155325	0.445412	
-0.154439	0.445512	
-0.153551	0.44561	
-0.152662	0.445706	
-0.151773	0.4458	
-0.150883	0.445893	
-0.149992	0.445983	
-0.1491	0.446071	
-0.148207	0.446158	
-0.147314	0.446243	
-0.146421	0.446326	
-0.145527	0.446408	
-0.144633	0.446488	
-0.143738	0.446567	
-0.142844	0.446644	
-0.141949	0.44672	
-0.141054	0.446795	
-0.14016	0.446869	
-0.139265	0.446941	
-0.138371	0.447013	
-0.137477	0.447083	
-0.136583	0.447153	
-0.135689	0.447222	
-0.134797	0.447289	
-0.133904	0.447356	
-0.133013	0.447423	
-0.132122	0.447489	
-0.131232	0.447554	
-0.130342	0.447618	
-0.129454	0.447682	
-0.128567	0.447746	
-0.127681	0.447809	
-0.126796	0.447871	
-0.125913	0.447934	
-0.12503	0.447996	
-0.12415	0.448057	
-0.12327	0.448119	
-0.122393	0.44818	
-0.121517	0.448241	
-0.120642	0.448301	
-0.11977	0.448362	
-0.118899	0.448422	
-0.11803	0.448482	
-0.117163	0.448542	
-0.116299	0.448602	
-0.115436	0.448662	
-0.114575	0.448721	
-0.113717	0.448781	
-0.112861	0.44884	
-0.112007	0.448899	
-0.111155	0.448958	
-0.110306	0.449016	
-0.109459	0.449075	
-0.108615	0.449133	
-0.107773	0.449191	
-0.106934	0.449249	
-0.106097	0.449306	
-0.105262	0.449363	
-0.104431	0.44942	
-0.103601	0.449476	
-0.102775	0.449533	
-0.101951	0.449588	
-0.101129	0.449643	
-0.100311	0.449698	
-0.0994943	0.449753	
-0.0986807	0.449806	
-0.0978696	0.44986	
-0.0970611	0.449912	
-0.0962552	0.449964	
-0.0954518	0.450016	
-0.094651	0.450067	
-0.0938527	0.450117	
-0.0930569	0.450166	
-0.0922635	0.450215	
-0.0914725	0.450263	
-0.090684	0.45031	
-0.0898978	0.450356	
-0.089114	0.450402	
-0.0883325	0.450446	
-0.0875533	0.45049	
-0.0867763	0.450533	
-0.0860015	0.450575	
-0.0852288	0.450616	
-0.0844583	0.450656	
-0.0836898	0.450695	
-0.0829234	0.450734	
-0.082159	0.450771	
-0.0813965	0.450807	
-0.0806359	0.450843	
-0.0798771	0.450877	
-0.0791202	0.45091	
-0.078365	0.450943	
-0.0776116	0.450974	
-0.0768598	0.451004	
-0.0761096	0.451034	
-0.0753611	0.451062	
-0.0746141	0.45109	
-0.0738685	0.451116	
-0.0731245	0.451142	
-0.0723819	0.451166	
-0.0716406	0.45119	
-0.0709007	0.451213	
-0.0701621	0.451235	
-0.0694247	0.451256	
-0.0686886	0.451276	
-0.0679537	0.451295	
-0.0672199	0.451314	
-0.0664872	0.451332	
-0.0657557	0.451349	
-0.0650252	0.451365	
-0.0642958	0.451381	
-0.0635674	0.451395	
-0.06284	0.45141	
-0.0621136	0.451423	
-0.0613881	0.451436	
-0.0606636	0.451448	
-0.05994	0.45146	
-0.0592173	0.451471	
-0.0584955	0.451482	
-0.0577746	0.451492	
-0.0570545	0.451502	
-0.0563354	0.451511	
-0.0556171	0.45152	
-0.0548997	0.451528	
-0.0541831	0.451536	
-0.0534674	0.451544	
-0.0527526	0.451551	
-0.0520387	0.451558	
-0.0513257	0.451565	
-0.0506136	0.451571	
-0.0499023	0.451577	
-0.049192	0.451583	
-0.0484826	0.451588	
-0.0477742	0.451593	
-0.0470668	0.451598	
-0.0463603	0.451602	
-0.0456548	0.451606	
-0.0449504	0.45161	
-0.044247	0.451614	
-0.0435447	0.451617	
-0.0428434	0.45162	
-0.0421433	0.451623	
-0.0414444	0.451625	
-0.0407466	0.451626	
-0.04005	0.451628	
-0.0393546	0.451629	
-0.0386605	0.451629	
-0.0379676	0.451629	
-0.0372761	0.451628	
-0.0365859	0.451627	
-0.035897	0.451625	
-0.0352095	0.451622	
-0.0345235	0.451619	
-0.0338389	0.451615	
-0.0331558	0.45161	
-0.0324741	0.451604	
-0.031794	0.451597	
-0.0311154	0.451589	
-0.0304384	0.45158	
-0.029763	0.45157	
-0.0290892	0.451559	
-0.028417	0.451543	
-0.0277464	0.451524	
-0.0270774	0.451502	
-0.0264101	0.451477	
-0.0257444	0.45145	
-0.0250804	0.45142	
-0.0244181	0.451387	
-0.0237574	0.451352	
-0.0230985	0.451315	
-0.0224413	0.451275	
-0.0217858	0.451233	
-0.021132	0.451188	
-0.0204799	0.451141	
-0.0198295	0.451091	
-0.0191809	0.451039	
-0.0185339	0.450984	
-0.0178887	0.450926	
-0.0172452	0.450866	
-0.0166033	0.450802	
-0.0159632	0.450736	
-0.0153247	0.450666	
-0.0146879	0.450593	
-0.0140527	0.450517	
-0.0134192	0.450438	
-0.0127873	0.450355	
-0.0121569	0.450268	
-0.0115282	0.450178	
-0.0109011	0.450084	
-0.0102755	0.449986	
-0.00965139	0.449884	
-0.00902881	0.449778	
-0.00840771	0.449668	
-0.00778808	0.449553	
-0.00716987	0.449434	
-0.00655307	0.449311	
-0.00593765	0.449183	
-0.00532358	0.449051	
-0.00471084	0.448913	
-0.0040994	0.448771	
-0.00348922	0.448624	
-0.00288029	0.448472	
-0.00227257	0.448314	
-0.00166603	0.448152	
-0.00106065	0.447984	
-0.000456386	0.447811	
0.000146778	0.447632	
0.000748876	0.447447	
0.00134993	0.447257	
0.00194998	0.447061	
0.00254905	0.446858	
0.00314717	0.44665	
0.00374435	0.446436	
0.00434064	0.446215	
0.00493604	0.445989	
0.0055306	0.445755	
0.00612433	0.445515	
0.00671725	0.445269	
0.00730939	0.445016	
0.00790076	0.444756	
0.00849139	0.444489	
0.00908129	0.444215	
0.00967047	0.443934	
0.010259	0.443646	
0.0108468	0.44335	
0.0114339	0.443047	
0.0120203	0.442737	
0.0126061	0.442419	
0.0131913	0.442093	
0.0137758	0.44176	
0.0143596	0.441418	
0.0149428	0.441069	
0.0155253	0.440712	
0.0161072	0.440347	
0.0166884	0.439973	
0.0172689	0.439592	
0.0178487	0.439202	
0.0184278	0.438803	
0.0190062	0.438396	
0.0195839	0.437981	
0.0201608	0.437557	
0.0207369	0.437125	
0.0213122	0.436683	
0.0218867	0.436234	
0.0224603	0.435775	
0.023033	0.435308	
0.0236049	0.434831	
0.0241757	0.434346	
0.0247456	0.433852	
0.0253145	0.43335	
0.0258823	0.432838	
0.0264491	0.432317	
0.0270147	0.431788	
0.0275792	0.43125	
0.0281426	0.430703	
0.0287047	0.430147	
0.0292655	0.429583	
0.0298251	0.429009	
0.0303833	0.428428	
0.0309402	0.427837	
0.0314958	0.427238	
0.0320499	0.426631	
0.0326026	0.426015	
0.0331538	0.425391	
0.0337035	0.424759	
0.0342517	0.424119	
0.0347984	0.423471	
0.0353435	0.422815	
0.035887	0.422151	
0.0364289	0.42148	
0.0369691	0.420802	
0.0375078	0.420116	
0.0380447	0.419423	
0.03858	0.418723	
0.0391135	0.418017	
0.0396454	0.417304	
0.0401755	0.416585	
0.0407038	0.415859	
0.0412304	0.415128	
0.0417552	0.414391	
0.0422783	0.413648	
0.0427995	0.4129	
0.0433189	0.412147	
0.0438366	0.411389	
0.0443523	0.410627	
0.0448663	0.40986	
0.0453783	0.409089	
0.0458885	0.408314	
0.0463968	0.407536	
0.0469033	0.406754	
0.0474078	0.40597	
0.0479104	0.405182	
0.0484111	0.404392	
0.0489098	0.4036	
0.0494066	0.402806	
0.0499014	0.40201	
0.0503942	0.401212	
0.050885	0.400414	
0.0513738	0.399614	
0.0518606	0.398814	
0.0523453	0.398014	
0.0528279	0.397213	
0.0533085	0.396412	
0.053787	0.395612	
0.0542633	0.394812	
0.0547375	0.394013	
0.0552096	0.393215	
0.0556794	0.392418	
0.0561471	0.391623	
0.0566126	0.390829	
0.0570758	0.390037	
0.0575368	0.389247	
0.0579955	0.388459	
0.0584519	0.387674	
0.058906	0.386891	
0.0593578	0.386111	
0.0598073	0.385333	
0.0602544	0.384559	
0.0606991	0.383788	
0.0611415	0.383019	
0.0615814	0.382254	
0.062019	0.381493	
0.0624542	0.380734	
0.0628869	0.37998	
0.0633172	0.379228	
0.0637451	0.378481	
0.0641706	0.377737	
0.0645937	0.376997	
0.0650143	0.376261	
0.0654325	0.375528	
0.0658483	0.374799	
0.0662617	0.374074	
0.0666727	0.373353	
0.0670813	0.372636	
0.0674875	0.371923	
0.0678914	0.371213	
0.068293	0.370507	
0.0686922	0.369805	
0.0690892	0.369107	
0.0694838	0.368413	
0.0698762	0.367722	
0.0702664	0.367035	
0.0706545	0.366351	
0.0710403	0.365671	
0.0714241	0.364995	
0.0718057	0.364322	
0.0721853	0.363653	
0.0725628	0.362987	
0.0729384	0.362325	
0.073312	0.361665	
0.0736837	0.361009	
0.0740536	0.360357	
0.0744216	0.359707	
0.0747878	0.35906	
0.0751523	0.358417	
0.075515	0.357776	
0.0758761	0.357139	
0.0762356	0.356504	
0.0765935	0.355872	
0.0769499	0.355243	
0.0773048	0.354616	
0.0776582	0.353992	
0.0780103	0.353371	
0.0783609	0.352752	
0.0787103	0.352135	
0.0790584	0.351521	
0.0794052	0.35091	
0.0797508	0.3503	
0.0800953	0.349693	
0.0804387	0.349088	
0.0807809	0.348485	
0.0811222	0.347884	
0.0814624	0.347285	
0.0818017	0.346688	
0.08214	0.346093	
0.0824774	0.3455	
0.082814	0.344909	
0.0831497	0.344319	
0.0834846	0.343732	
0.0838187	0.343146	
0.0841521	0.342561	
0.0844847	0.341978	
0.0848166	0.341397	
0.0851479	0.340817	
0.0854784	0.340239	
0.0858084	0.339662	
0.0861377	0.339087	
0.0864664	0.338513	
0.0867945	0.33794	
0.0871221	0.337369	
0.087449	0.336799	
0.0877754	0.33623	
0.0881013	0.335663	
0.0884265	0.335097	
0.0887513	0.334532	
0.0890755	0.333968	
0.0893991	0.333405	
0.0897222	0.332843	
0.0900448	0.332283	
0.0903668	0.331724	
0.0906882	0.331166	
0.0910091	0.330609	
0.0913293	0.330053	
0.091649	0.329498	
0.0919681	0.328944	
0.0922865	0.328391	
0.0926043	0.327839	
0.0929214	0.327288	
0.0932378	0.326739	
0.0935535	0.32619	
0.0938684	0.325643	
0.0941826	0.325096	
0.0944959	0.324551	
0.0948085	0.324006	
0.0951202	0.323463	
0.0954309	0.32292	
0.0957408	0.322379	
0.0960497	0.321839	
0.0963576	0.3213	
0.0966644	0.320762	
0.0969702	0.320225	
0.0972749	0.319689	
0.0975784	0.319154	
0.0978806	0.318621	
0.0981817	0.318088	
0.0984815	0.317557	
0.0987799	0.317027	
0.0990769	0.316498	
0.0993726	0.315971	
0.0996668	0.315444	
0.0999595	0.314919	
0.100251	0.314395	
0.10054	0.313872	
0.100828	0.313351	
0.101114	0.312831	
0.101399	0.312312	
0.101682	0.311795	
0.101962	0.311279	
0.102242	0.310764	
0.102519	0.310251	
0.102794	0.309739	
0.103067	0.309228	
0.103339	0.308719	
0.103608	0.308212	
0.103875	0.307706	
0.10414	0.307201	
0.104403	0.306698	
0.104664	0.306197	
0.104923	0.305697	
0.105179	0.305199	
0.105433	0.304702	
0.105685	0.304207	
0.105935	0.303714	
0.106182	0.303222	
0.106427	0.302732	
0.106669	0.302243	
0.106909	0.301756	
0.107147	0.301271	
0.107383	0.300788	
0.107616	0.300306	
0.107846	0.299827	
0.108075	0.299349	
0.1083	0.298872	
0.108524	0.298398	
0.108745	0.297925	
0.108963	0.297454	
0.109179	0.296986	
0.109393	0.296518	
0.109604	0.296053	
0.109813	0.29559	
0.11002	0.295128	
0.110224	0.294669	
0.110425	0.294211	
0.110625	0.293755	
0.110822	0.293301	
0.111016	0.29285	
0.111209	0.2924	
0.111399	0.291952	
0.111586	0.291506	
0.111772	0.291062	
0.111955	0.29062	
0.112136	0.29018	
0.112315	0.289742	
0.112492	0.289306	
0.112666	0.288872	
0.112839	0.28844	
0.113009	0.288011	
0.113177	0.287583	
0.113343	0.287157	
0.113507	0.286734	
0.113669	0.286312	
0.113829	0.285893	
0.113987	0.285475	
0.114144	0.28506	
0.114298	0.284647	
0.11445	0.284236	
0.114601	0.283827	
0.11475	0.28342	
0.114896	0.283016	
0.115042	0.282613	
0.115185	0.282213	
0.115327	0.281815	
0.115467	0.281419	
0.115605	0.281025	
0.115742	0.280633	
0.115877	0.280244	
0.11601	0.279856	
0.116142	0.279471	
0.116273	0.279088	
0.116402	0.278707	
0.116529	0.278329	
0.116655	0.277952	
0.11678	0.277578	
0.116903	0.277206	
0.117024	0.276836	
0.117145	0.276469	
0.117264	0.276104	
0.117381	0.275741	
0.117498	0.27538	
0.117613	0.275021	
0.117726	0.274665	
0.117839	0.27431	
0.11795	0.273959	
0.11806	0.273609	
0.118169	0.273261	
0.118277	0.272916	
0.118383	0.272573	
0.118489	0.272233	
0.118593	0.271894	
0.118696	0.271558	
0.118798	0.271224	
0.118899	0.270893	
0.118999	0.270563	
0.119098	0.270236	
0.119196	0.269911	
0.119293	0.269589	
0.119389	0.269268	
0.119484	0.26895	
0.119578	0.268635	
0.119671	0.268321	
0.119763	0.26801	
0.119854	0.267701	
0.119944	0.267395	
0.120033	0.267091	
0.120122	0.266789	
0.120209	0.266489	
0.120296	0.266192	
0.120381	0.265897	
0.120466	0.265604	
0.12055	0.265314	
0.120633	0.265026	
0.120716	0.26474	
0.120797	0.264456	
0.120878	0.264175	
0.120958	0.263897	
0.121037	0.26362	
0.121115	0.263346	
0.121193	0.263075	
0.12127	0.262805	
0.121346	0.262538	
0.121421	0.262274	
0.121495	0.262011	
0.121569	0.261752	
0.121642	0.261494	
0.121715	0.261239	
0.121786	0.260986	
0.121857	0.260736	
0.121928	0.260488	
0.121997	0.260242	
0.122066	0.259999	
0.122134	0.259759	
0.122202	0.25952	
0.122269	0.259284	
0.122335	0.259051	
0.1224	0.25882	
0.122465	0.258591	
0.122529	0.258364	
0.122593	0.25814	
0.122656	0.257919	
0.122718	0.2577	
0.12278	0.257483	
0.122841	0.257269	
0.122901	0.257057	
0.122961	0.256847	
0.12302	0.25664	
0.123079	0.256435	
0.123137	0.256232	
0.123194	0.256032	
0.123251	0.255835	
0.123307	0.255639	
0.123363	0.255446	
0.123418	0.255255	
0.123472	0.255067	
0.123526	0.254881	
0.12358	0.254697	
0.123632	0.254515	
0.123684	0.254336	
0.123736	0.254159	
0.123787	0.253984	
0.123838	0.253812	
0.123888	0.253641	
0.123937	0.253473	
0.123986	0.253307	
0.124034	0.253143	
0.124082	0.252981	
0.124129	0.252822	
0.124176	0.252664	
0.124222	0.252509	
0.124268	0.252355	
0.124313	0.252204	
0.124358	0.252055	
0.124402	0.251907	
0.124446	0.251762	
0.124489	0.251619	
0.124532	0.251477	
0.124574	0.251338	
0.124616	0.2512	
0.124657	0.251064	
0.124698	0.25093	
0.124738	0.250798	
0.124778	0.250668	
0.124817	0.250539	
0.124856	0.250413	
0.124894	0.250288	
0.124932	0.250164	
0.12497	0.250043	
0.125007	0.249923	
0.125044	0.249804	
0.12508	0.249687	
0.125116	0.249572	
0.125151	0.249458	
0.125186	0.249346	
0.12522	0.249236	
0.125254	0.249127	
0.125288	0.249019	
0.125321	0.248913	
0.125354	0.248808	
0.125387	0.248705	
0.125419	0.248603	
0.125451	0.248502	
0.125482	0.248403	
0.125513	0.248305	
0.125543	0.248208	
0.125574	0.248113	
0.125604	0.248019	
0.125633	0.247926	
0.125662	0.247834	
0.125691	0.247744	
0.125719	0.247655	
0.125747	0.247566	
0.125775	0.247479	
0.125803	0.247394	
0.12583	0.247309	
0.125857	0.247225	
0.125883	0.247142	
0.125909	0.247061	
0.125935	0.24698	
0.12596	0.246901	
0.125986	0.246822	
0.126011	0.246745	
0.126035	0.246669	
0.12606	0.246594	
0.126084	0.246521	
0.126108	0.246449	
0.126132	0.246379	
0.126156	0.24631	
0.12618	0.246244	
0.126205	0.246179	
0.126229	0.246117	
0.126253	0.246056	
0.126277	0.245998	
0.126302	0.245942	
0.126326	0.245888	
0.126351	0.245836	
0.126376	0.245787	
0.126401	0.245739	
0.126426	0.245694	
0.126451	0.24565	
0.126477	0.245608	
0.126503	0.245568	
0.126528	0.24553	
0.126554	0.245492	
0.126579	0.245456	
0.126605	0.245422	
0.126631	0.245388	
0.126656	0.245355	
0.126681	0.245323	
0.126707	0.245292	
0.126732	0.245262	
0.126756	0.245232	
0.126781	0.245202	
0.126805	0.245173	
0.12683	0.245145	
0.126853	0.245117	
0.126877	0.245089	
0.1269	0.245061	
0.126923	0.245034	
0.126946	0.245007	
0.126969	0.24498	
0.126991	0.244953	
0.127013	0.244927	
0.127034	0.244901	
0.127055	0.244874	
0.127076	0.244848	
0.127097	0.244822	
0.127117	0.244797	
0.127137	0.244771	
0.127157	0.244745	
0.127176	0.24472	
0.127195	0.244694	
0.127214	0.244669	
0.127232	0.244644	
0.127251	0.244618	
0.127268	0.244593	
0.127286	0.244568	
0.127303	0.244543	
0.12732	0.244519	
0.127337	0.244494	
0.127354	0.244469	
0.12737	0.244444	
0.127386	0.24442	
0.127402	0.244395	
0.127417	0.244371	
0.127433	0.244346	
0.127448	0.244322	
0.127462	0.244298	
0.127477	0.244274	
0.127491	0.24425	
0.127505	0.244225	
0.127519	0.244201	
0.127533	0.244178	
0.127546	0.244154	
0.127559	0.24413	
0.127572	0.244106	
0.127585	0.244082	
0.127597	0.244059	
0.12761	0.244035	
0.127622	0.244012	
0.127634	0.243988	
0.127646	0.243965	
0.127657	0.243942	
0.127669	0.243918	
0.12768	0.243895	
0.127691	0.243872	
0.127702	0.243849	
0.127712	0.243826	
0.127723	0.243803	
0.127733	0.24378	
0.127743	0.243757	
0.127753	0.243735	
0.127763	0.243712	
0.127773	0.243689	
0.127782	0.243667	
0.127792	0.243644	
0.127801	0.243622	
0.12781	0.243599	
0.127819	0.243577	
0.127828	0.243555	
0.127837	0.243532	
0.127845	0.24351	
0.127853	0.243488	
0.127862	0.243466	
0.12787	0.243444	
0.127878	0.243422	
0.127886	0.2434	
0.127893	0.243378	
0.127901	0.243356	
0.127909	0.243335	
0.127916	0.243313	
0.127923	0.243291	
0.12793	0.24327	
0.127937	0.243248	
0.127944	0.243227	
0.127951	0.243205	
0.127958	0.243184	
0.127964	0.243163	
0.127971	0.243142	
0.127977	0.24312	
0.127984	0.243099	
0.12799	0.243078	
0.127996	0.243057	
0.128002	0.243036	
0.128008	0.243015	
0.128014	0.242994	
0.128019	0.242974	
0.128025	0.242953	
0.12803	0.242932	
0.128036	0.242911	
0.128041	0.242891	
0.128046	0.24287	
0.128052	0.24285	
0.128057	0.242829	
0.128062	0.242809	
0.128067	0.242789	
0.128072	0.242768	
0.128076	0.242748	
0.128081	0.242728	
0.128086	0.242708	
0.12809	0.242688	
0.128095	0.242668	
0.128099	0.242648	
0.128104	0.242628	
0.128108	0.242608	
0.128112	0.242588	
0.128116	0.242568	
0.128121	0.242548	
0.128125	0.242529	
0.128129	0.242509	
0.128132	0.242489	
0.128136	0.24247	
0.12814	0.24245	
0.128144	0.242431	
0.128147	0.242412	
0.128151	0.242392	
0.128155	0.242373	
0.128158	0.242354	
0.128162	0.242334	
0.128165	0.242315	
0.128168	0.242296	
0.128172	0.242277	
0.128175	0.242258	
0.128178	0.242239	
0.128181	0.24222	
0.128184	0.242201	
0.128187	0.242182	
0.12819	0.242164	
0.128193	0.242145	
0.128196	0.242126	
0.128199	0.242108	
0.128202	0.242089	
0.128205	0.24207	
0.128207	0.242052	
0.12821	0.242034	
0.128213	0.242015	
0.128215	0.241997	
0.128218	0.241978	
0.12822	0.24196	
0.128223	0.241942	
0.128225	0.241924	
0.128228	0.241906	
0.12823	0.241887	
0.128232	0.241869	
0.128235	0.241851	
0.128237	0.241833	
0.128239	0.241816	
0.128241	0.241798	
0.128244	0.24178	
0.128246	0.241762	
0.128248	0.241744	
0.12825	0.241727	
0.128252	0.241709	
0.128254	0.241691	
0.128256	0.241674	
0.128258	0.241656	
0.12826	0.241639	
0.128262	0.241621	
0.128263	0.241604	
0.128265	0.241587	
0.128267	0.241569	
0.128269	0.241552	
0.128271	0.241535	
0.128272	0.241518	
0.128274	0.2415	
0.128276	0.241483	
0.128277	0.241466	
0.128279	0.241449	
0.12828	0.241432	
0.128282	0.241415	
0.128284	0.241398	
0.128285	0.241382	
0.128287	0.241365	
0.128288	0.241348	
0.12829	0.241331	
0.128291	0.241315	
0.128292	0.241298	
0.128294	0.241281	
0.128295	0.241265	
0.128296	0.241248	
0.128298	0.241232	
0.128299	0.241215	
0.1283	0.241199	
0.128302	0.241182	
0.128303	0.241166	
0.128304	0.24115	
0.128305	0.241134	
0.128306	0.241117	
0.128308	0.241101	
0.128309	0.241085	
0.12831	0.241069	
0.128311	0.241053	
0.128312	0.241037	
0.128313	0.241021	
0.128314	0.241005	
0.128315	0.240989	
0.128316	0.240973	
0.128317	0.240957	
0.128318	0.240942	
0.128319	0.240926	
0.12832	0.24091	
0.128321	0.240895	
0.128322	0.240879	
0.128323	0.240863	
0.128324	0.240848	
0.128325	0.240832	
0.128326	0.240817	
0.128327	0.240801	
0.128328	0.240786	
0.128329	0.240771	
0.128329	0.240755	
0.12833	0.24074	
0.128331	0.240725	
0.128332	0.240709	
0.128333	0.240694	
0.128333	0.240679	
0.128334	0.240664	
0.128335	0.240649	
0.128336	0.240634	
0.128336	0.240619	
0.128337	0.240604	
0.128338	0.240589	
0.128339	0.240574	
0.128339	0.240559	
0.12834	0.240545	
0.128341	0.24053	
0.128341	0.240515	
0.128342	0.2405	
0.128343	0.240486	
0.128343	0.240471	
0.128344	0.240456	
0.128345	0.240442	
0.128345	0.240427	
0.128346	0.240413	
0.128346	0.240398	
0.128347	0.240384	
0.128348	0.24037	
0.128348	0.240355	
0.128349	0.240341	
0.128349	0.240327	
0.12835	0.240312	
0.12835	0.240298	
0.128351	0.240284	
0.128351	0.24027	
0.128352	0.240256	
0.128352	0.240242	
0.128353	0.240228	
0.128353	0.240214	
0.128354	0.2402	
0.128354	0.240186	
0.128355	0.240172	
0.128355	0.240158	
0.128356	0.240144	
0.128356	0.24013	
0.128357	0.240117	
0.128357	0.240103	
0.128358	0.240089	
0.128358	0.240075	
0.128358	0.240062	
0.128359	0.240048	
0.128359	0.240035	
0.12836	0.240021	
0.12836	0.240008	
0.128361	0.239994	
0.128361	0.239981	
0.128361	0.239967	
0.128362	0.239954	
0.128362	0.239941	
0.128362	0.239927	
0.128363	0.239914	
0.128363	0.239901	
0.128364	0.239888	
0.128364	0.239874	
0.128364	0.239861	
0.128365	0.239848	
0.128365	0.239835	
0.128365	0.239822	
0.128366	0.239809	
0.128366	0.239796	
0.128366	0.239783	
0.128367	0.23977	
0.128367	0.239757	
0.128367	0.239745	
0.128368	0.239732	
0.128368	0.239719	
0.128368	0.239706	
0.128368	0.239693	
0.128369	0.239681	
0.128369	0.239668	
0.128369	0.239655	
0.12837	0.239643	
0.12837	0.23963	
0.12837	0.239618	
0.12837	0.239605	
0.128371	0.239593	
0.128371	0.23958	
0.128371	0.239568	
0.128372	0.239555	
0.128372	0.239543	
0.128372	0.239531	
0.128372	0.239518	
0.128373	0.239506	
0.128373	0.239494	
0.128373	0.239482	
0.128373	0.23947	
0.128374	0.239457	
0.128374	0.239445	
0.128374	0.239433	
0.128374	0.239421	
0.128374	0.239409	
0.128375	0.239397	
0.128375	0.239385	
0.128375	0.239373	
0.128375	0.239361	
0.128376	0.239349	
0.128376	0.239338	
0.128376	0.239326	
0.128376	0.239314	
0.128376	0.239302	
0.128377	0.23929	
0.128377	0.239279	
0.128377	0.239267	
0.128377	0.239255	
0.128377	0.239244	
0.128378	0.239232	
0.128378	0.239221	
0.128378	0.239209	
0.128378	0.239198	
0.128378	0.239186	
0.128379	0.239175	
0.128379	0.239163	
0.128379	0.239152	
0.128379	0.23914	
0.128379	0.239129	
0.128379	0.239118	
0.12838	0.239106	
0.12838	0.239095	
0.12838	0.239084	
0.12838	0.239073	
0.12838	0.239062	
0.12838	0.23905	
0.128381	0.239039	
0.128381	0.239028	
0.128381	0.239017	
0.128381	0.239006	
0.128381	0.238995	
0.128381	0.238984	
0.128382	0.238973	
0.128382	0.238962	
0.128382	0.238951	
0.128382	0.23894	
0.128382	0.23893	
0.128382	0.238919	
0.128383	0.238908	
0.128383	0.238897	
0.128383	0.238886	
0.128383	0.238876	
0.128383	0.238865	
0.128383	0.238854	
0.128383	0.238844	
0.128384	0.238833	
0.128384	0.238823	
0.128384	0.238812	
0.128384	0.238801	
0.128384	0.238791	
0.128384	0.23878	
0.128384	0.23877	
0.128384	0.23876	
0.128385	0.238749	
0.128385	0.238739	
0.128385	0.238728	
0.128385	0.238718	
0.128385	0.238708	
0.128385	0.238697	
0.128385	0.238687	
0.128385	0.238677	
0.128386	0.238667	
0.128386	0.238657	
0.128386	0.238646	
0.128386	0.238636	
0.128386	0.238626	
0.128386	0.238616	
0.128386	0.238606	
0.128386	0.238596	
0.128387	0.238586	
0.128387	0.238576	
0.128387	0.238566	
0.128387	0.238556	
0.128387	0.238546	
0.128387	0.238536	
0.128387	0.238527	
0.128387	0.238517	
0.128387	0.238507	
0.128388	0.238497	
0.128388	0.238487	
0.128388	0.238478	
0.128388	0.238468	
0.128388	0.238458	
0.128388	0.238449	
0.128388	0.238439	
0.128388	0.238429	
0.128388	0.23842	
0.128388	0.23841	
0.128389	0.238401	
0.128389	0.238391	
0.128389	0.238382	
0.128389	0.238372	
0.128389	0.238363	
0.128389	0.238353	
0.128389	0.238344	
0.128389	0.238334	
0.128389	0.238325	
0.128389	0.238316	
0.12839	0.238306	
0.12839	0.238297	
0.12839	0.238288	
0.12839	0.238279	
0.12839	0.238269	
0.12839	0.23826	
0.12839	0.238251	
0.12839	0.238242	
0.12839	0.238233	
0.12839	0.238224	
0.12839	0.238215	
0.128391	0.238205	
0.128391	0.238196	
0.128391	0.238187	
0.128391	0.238178	
0.128391	0.238169	
0.128391	0.23816	
0.128391	0.238152	
0.128391	0.238143	
0.128391	0.238134	
0.128391	0.238125	
0.128391	0.238116	
0.128391	0.238107	
0.128392	0.238098	
0.128392	0.23809	
0.128392	0.238081	
0.128392	0.238072	
0.128392	0.238063	
0.128392	0.238055	
0.128392	0.238046	
0.128392	0.238037	
0.128392	0.238029	
0.128392	0.23802	
0.128392	0.238012	
0.128392	0.238003	
0.128393	0.237994	
0.128393	0.237986	
0.128393	0.237977	
0.128393	0.237969	
0.128393	0.237961	
0.128393	0.237952	
0.128393	0.237944	
0.128393	0.237935	
0.128393	0.237927	
0.128393	0.237919	
0.128393	0.23791	
0.128393	0.237902	
0.128393	0.237894	
0.128394	0.237885	
0.128394	0.237877	
0.128394	0.237869	
0.128394	0.237861	
0.128394	0.237852	
0.128394	0.237844	
0.128394	0.237836	
0.128394	0.237828	
0.128394	0.23782	
0.128394	0.237812	
0.128394	0.237804	
0.128394	0.237796	
0.128394	0.237788	
0.128394	0.23778	
0.128395	0.237772	
0.128395	0.237764	
0.128395	0.237756	
0.128395	0.237748	
0.128395	0.23774	
0.128395	0.237732	
0.128395	0.237724	
0.128395	0.237716	
0.128395	0.237708	
0.128395	0.237701	
0.128395	0.237693	
0.128395	0.237685	
0.128395	0.237677	
0.128395	0.237669	
0.128395	0.237662	
0.128396	0.237654	
0.128396	0.237646	
0.128396	0.237639	
0.128396	0.237631	
0.128396	0.237623	
0.128396	0.237616	
0.128396	0.237608	
0.128396	0.237601	
0.128396	0.237593	
0.128396	0.237586	
0.128396	0.237578	
0.128396	0.237571	
0.128396	0.237563	
0.128396	0.237556	
0.128396	0.237548	
0.128396	0.237541	
0.128397	0.237533	
0.128397	0.237526	
0.128397	0.237519	
0.128397	0.237511	
0.128397	0.237504	
0.128397	0.237497	
0.128397	0.237489	
0.128397	0.237482	
0.128397	0.237475	
0.128397	0.237468	
0.128397	0.23746	
0.128397	0.237453	
0.128397	0.237446	
0.128397	0.237439	
0.128397	0.237432	
0.128397	0.237424	
0.128398	0.237417	
0.128398	0.23741	
0.128398	0.237403	
0.128398	0.237396	
0.128398	0.237389	
0.128398	0.237382	
0.128398	0.237375	
0.128398	0.237368	
0.128398	0.237361	
0.128398	0.237354	
0.128398	0.237347	
0.128398	0.23734	
0.128398	0.237333	
0.128398	0.237326	
0.128398	0.23732	
0.128398	0.237313	
0.128398	0.237306	
0.128398	0.237299	
0.128399	0.237292	
0.128399	0.237285	
0.128399	0.237279	
0.128399	0.237272	
0.128399	0.237265	
0.128399	0.237258	
0.128399	0.237252	
0.128399	0.237245	
0.128399	0.237238	
0.128399	0.237232	
0.128399	0.237225	
0.128399	0.237218	
0.128399	0.237212	
0.128399	0.237205	
0.128399	0.237199	
0.128399	0.237192	
0.128399	0.237186	
0.128399	0.237179	
0.1284	0.237173	
0.1284	0.237166	
0.1284	0.23716	
0.1284	0.237153	
0.1284	0.237147	
0.1284	0.23714	
0.1284	0.237134	
0.1284	0.237127	
0.1284	0.237121	
0.1284	0.237115	
0.1284	0.237108	
0.1284	0.237102	
0.1284	0.237096	
0.1284	0.237089	
0.1284	0.237083	
0.1284	0.237077	
0.1284	0.237071	
0.1284	0.237064	
0.1284	0.237058	
0.1284	0.237052	
0.128401	0.237046	
0.128401	0.23704	
0.128401	0.237033	
0.128401	0.237027	
0.128401	0.237021	
0.128401	0.237015	
0.128401	0.237009	
0.128401	0.237003	
0.128401	0.236997	
0.128401	0.236991	
0.128401	0.236985	
0.128401	0.236979	
0.128401	0.236973	
0.128401	0.236967	
0.128401	0.236961	
0.128401	0.236955	
0.128401	0.236949	
0.128401	0.236943	
0.128401	0.236937	
0.128401	0.236931	
0.128401	0.236925	
0.128402	0.236919	
0.128402	0.236913	
0.128402	0.236907	
0.128402	0.236902	
0.128402	0.236896	
0.128402	0.23689	
0.128402	0.236884	
0.128402	0.236878	
0.128402	0.236873	
0.128402	0.236867	
0.128402	0.236861	
0.128402	0.236855	
0.128402	0.23685	
0.128402	0.236844	
0.128402	0.236838	
0.128402	0.236833	
0.128402	0.236827	
0.128402	0.236821	
0.128402	0.236816	
0.128402	0.23681	
0.128402	0.236804	
0.128402	0.236799	
0.128403	0.236793	
0.128403	0.236788	
0.128403	0.236782	
0.128403	0.236777	
0.128403	0.236771	
0.128403	0.236766	
0.128403	0.23676	
0.128403	0.236755	
0.128403	0.236749	
0.128403	0.236744	
0.128403	0.236738	
0.128403	0.236733	
0.128403	0.236728	
0.128403	0.236722	
0.128403	0.236717	
0.128403	0.236711	
0.128403	0.236706	
0.128403	0.236701	
0.128403	0.236695	
0.128403	0.23669	
0.128403	0.236685	
0.128403	0.23668	
0.128403	0.236674	
0.128403	0.236669	
0.128404	0.236664	
0.128404	0.236658	
0.128404	0.236653	
0.128404	0.236648	
0.128404	0.236643	
0.128404	0.236638	
0.128404	0.236633	
0.128404	0.236627	
0.128404	0.236622	
0.128404	0.236617	
0.128404	0.236612	
0.128404	0.236607	
0.128404	0.236602	
0.128404	0.236597	
0.128404	0.236592	
0.128404	0.236587	
0.128404	0.236582	
0.128404	0.236576	
0.128404	0.236571	
0.128404	0.236566	
0.128404	0.236561	
0.128404	0.236556	
0.128404	0.236551	
0.128404	0.236547	
0.128404	0.236542	
0.128405	0.236537	
0.128405	0.236532	
0.128405	0.236527	
0.128405	0.236522	
0.128405	0.236517	
0.128405	0.236512	
0.128405	0.236507	
0.128405	0.236502	
0.128405	0.236498	
0.128405	0.236493	
0.128405	0.236488	
0.128405	0.236483	
0.128405	0.236478	
0.128405	0.236474	
0.128405	0.236469	
0.128405	0.236464	
0.128405	0.236459	
0.128405	0.236455	
0.128405	0.23645	
0.128405	0.236445	
0.128405	0.236441	
0.128405	0.236436	
0.128405	0.236431	
0.128405	0.236427	
0.128405	0.236422	
0.128405	0.236417	
0.128406	0.236413	
0.128406	0.236408	
0.128406	0.236403	
0.128406	0.236399	
0.128406	0.236394	
0.128406	0.23639	
0.128406	0.236385	
0.128406	0.236381	
0.128406	0.236376	
0.128406	0.236371	
0.128406	0.236367	
0.128406	0.236362	
0.128406	0.236358	
0.128406	0.236354	
0.128406	0.236349	
0.128406	0.236345	
0.128406	0.23634	
0.128406	0.236336	
0.128406	0.236331	
0.128406	0.236327	
0.128406	0.236322	
0.128406	0.236318	
0.128406	0.236314	
0.128406	0.236309	
0.128406	0.236305	
0.128406	0.236301	
0.128406	0.236296	
0.128406	0.236292	
0.128406	0.236288	
0.128407	0.236283	
0.128407	0.236279	
0.128407	0.236275	
0.128407	0.23627	
0.128407	0.236266	
0.128407	0.236262	
0.128407	0.236258	
0.128407	0.236253	
0.128407	0.236249	
0.128407	0.236245	
0.128407	0.236241	
0.128407	0.236237	
0.128407	0.236233	
0.128407	0.236228	
0.128407	0.236224	
0.128407	0.23622	
0.128407	0.236216	
0.128407	0.236212	
0.128407	0.236208	
0.128407	0.236204	
0.128407	0.236199	
0.128407	0.236195	
0.128407	0.236191	
0.128407	0.236187	
0.128407	0.236183	
0.128407	0.236179	
0.128407	0.236175	
0.128407	0.236171	
0.128407	0.236167	
0.128407	0.236163	
0.128407	0.236159	
0.128408	0.236155	
0.128408	0.236151	
0.128408	0.236147	
0.128408	0.236143	
0.128408	0.236139	
0.128408	0.236135	
0.128408	0.236131	
0.128408	0.236127	
0.128408	0.236124	
0.128408	0.23612	
0.128408	0.236116	
0.128408	0.236112	
0.128408	0.236108	
0.128408	0.236104	
0.128408	0.2361	
0.128408	0.236096	
0.128408	0.236093	
0.128408	0.236089	
0.128408	0.236085	
0.128408	0.236081	
0.128408	0.236077	
0.128408	0.236074	
0.128408	0.23607	
0.128408	0.236066	
0.128408	0.236062	
0.128408	0.236059	
0.128408	0.236055	
0.128408	0.236051	
0.128408	0.236047	
0.128408	0.236044	
0.128408	0.23604	
0.128408	0.236036	
0.128408	0.236033	
0.128408	0.236029	
0.128409	0.236025	
0.128409	0.236022	
0.128409	0.236018	
0.128409	0.236014	
0.128409	0.236011	
0.128409	0.236007	
0.128409	0.236003	
0.128409	0.236	
0.128409	0.235996	
0.128409	0.235993	
0.128409	0.235989	
0.128409	0.235986	
0.128409	0.235982	
0.128409	0.235978	
0.128409	0.235975	
0.128409	0.235971	
0.128409	0.235968	
0.128409	0.235964	
0.128409	0.235961	
0.128409	0.235957	
0.128409	0.235954	
0.128409	0.23595	
0.128409	0.235947	
0.128409	0.235943	
0.128409	0.23594	
0.128409	0.235937	
0.128409	0.235933	
0.128409	0.23593	
0.128409	0.235926	
0.128409	0.235923	
0.128409	0.235919	
0.128409	0.235916	
0.128409	0.235913	
0.128409	0.235909	
0.128409	0.235906	
0.128409	0.235903	
0.12841	0.235899	
0.12841	0.235896	
0.12841	0.235893	
0.12841	0.235889	
0.12841	0.235886	
0.12841	0.235883	
0.12841	0.235879	
0.12841	0.235876	
0.12841	0.235873	
0.12841	0.235869	
0.12841	0.235866	
0.12841	0.235863	
0.12841	0.23586	
0.12841	0.235856	
0.12841	0.235853	
0.12841	0.23585	
0.12841	0.235847	
0.12841	0.235843	
0.12841	0.23584	
0.12841	0.235837	
0.12841	0.235834	
0.12841	0.235831	
0.12841	0.235828	
0.12841	0.235824	
0.12841	0.235821	
0.12841	0.235818	
0.12841	0.235815	
0.12841	0.235812	
0.12841	0.235809	
0.12841	0.235806	
0.12841	0.235802	
0.12841	0.235799	
0.12841	0.235796	
0.12841	0.235793	
0.12841	0.23579	
0.12841	0.235787	
0.12841	0.235784	
0.12841	0.235781	
0.12841	0.235778	
0.12841	0.235775	
0.128411	0.235772	
0.128411	0.235769	
0.128411	0.235766	
0.128411	0.235763	
0.128411	0.23576	
0.128411	0.235757	
0.128411	0.235754	
0.128411	0.235751	
0.128411	0.235748	
0.128411	0.235745	
0.128411	0.235742	
0.128411	0.235739	
0.128411	0.235736	
0.128411	0.235733	
0.128411	0.23573	
0.128411	0.235727	
0.128411	0.235724	
0.128411	0.235721	
0.128411	0.235718	
0.128411	0.235716	
0.128411	0.235713	
0.128411	0.23571	
0.128411	0.235707	
0.128411	0.235704	
0.128411	0.235701	
0.128411	0.235698	
0.128411	0.235695	
0.128411	0.235693	
0.128411	0.23569	
0.128411	0.235687	
0.128411	0.235684	
0.128411	0.235681	
0.128411	0.235679	
0.128411	0.235676	
0.128411	0.235673	
0.128411	0.23567	
0.128411	0.235667	
0.128411	0.235665	
0.128411	0.235662	
0.128411	0.235659	
0.128411	0.235656	
0.128411	0.235654	
0.128411	0.235651	
0.128411	0.235648	
0.128411	0.235645	
0.128412	0.235643	
0.128412	0.23564	
0.128412	0.235637	
0.128412	0.235635	
0.128412	0.235632	
0.128412	0.235629	
0.128412	0.235627	
0.128412	0.235624	
0.128412	0.235621	
0.128412	0.235619	
0.128412	0.235616	
0.128412	0.235613	
0.128412	0.235611	
0.128412	0.235608	
0.128412	0.235605	
0.128412	0.235603	
0.128412	0.2356	
0.128412	0.235598	
0.128412	0.235595	
0.128412	0.235592	
0.128412	0.23559	
0.128412	0.235587	
0.128412	0.235585	
0.128412	0.235582	
0.128412	0.23558	
0.128412	0.235577	
0.128412	0.235574	
0.128412	0.235572	
0.128412	0.235569	
0.128412	0.235567	
0.128412	0.235564	
0.128412	0.235562	
0.128412	0.235559	
0.128412	0.235557	
0.128412	0.235554	
0.128412	0.235552	
0.128412	0.235549	
0.128412	0.235547	
0.128412	0.235544	
0.128412	0.235542	
0.128412	0.235539	
0.128412	0.235537	
0.128412	0.235535	
0.128412	0.235532	
0.128412	0.23553	
0.128412	0.235527	
0.128412	0.235525	
0.128412	0.235522	
0.128412	0.23552	
0.128412	0.235518	
0.128412	0.235515	
0.128413	0.235513	
0.128413	0.23551	
0.128413	0.235508	
0.128413	0.235506	
0.128413	0.235503	
0.128413	0.235501	
0.128413	0.235499	
0.128413	0.235496	
0.128413	0.235494	
0.128413	0.235492	
0.128413	0.235489	
0.128413	0.235487	
0.128413	0.235485	
0.128413	0.235482	
0.128413	0.23548	
0.128413	0.235478	
0.128413	0.235475	
0.128413	0.235473	
0.128413	0.235471	
0.128413	0.235469	
0.128413	0.235466	
0.128413	0.235464	
0.128413	0.235462	
0.128413	0.235459	
0.128413	0.235457	
0.128413	0.235455	
0.128413	0.235453	
0.128413	0.23545	
0.128413	0.235448	
0.128413	0.235446	
0.128413	0.235444	
0.128413	0.235442	
0.128413	0.235439	
0.128413	0.235437	
0.128413	0.235435	
0.128413	0.235433	
0.128413	0.235431	
0.128413	0.235428	
0.128413	0.235426	
0.128413	0.235424	
0.128413	0.235422	
0.128413	0.23542	
0.128413	0.235418	
0.128413	0.235415	
0.128413	0.235413	
0.128413	0.235411	
0.128413	0.235409	
0.128413	0.235407	
0.128413	0.235405	
0.128413	0.235403	
0.128413	0.235401	
0.128413	0.235398	
0.128413	0.235396	
0.128413	0.235394	
0.128413	0.235392	
0.128413	0.23539	
0.128413	0.235388	
0.128413	0.235386	
0.128414	0.235384	
0.128414	0.235382	
0.128414	0.23538	
0.128414	0.235378	
0.128414	0.235376	
0.128414	0.235374	
0.128414	0.235371	
0.128414	0.235369	
0.128414	0.235367	
0.128414	0.235365	
0.128414	0.235363	
0.128414	0.235361	
0.128414	0.235359	
0.128414	0.235357	
0.128414	0.235355	
0.128414	0.235353	
0.128414	0.235351	
0.128414	0.235349	
0.128414	0.235347	
0.128414	0.235345	
0.128414	0.235343	
0.128414	0.235341	
0.128414	0.23534	
0.128414	0.235338	
0.128414	0.235336	
0.128414	0.235334	
0.128414	0.235332	
0.128414	0.23533	
0.128414	0.235328	
0.128414	0.235326	
0.128414	0.235324	
0.128414	0.235322	
0.128414	0.23532	
0.128414	0.235318	
0.128414	0.235316	
0.128414	0.235314	
0.128414	0.235313	
0.128414	0.235311	
0.128414	0.235309	
0.128414	0.235307	
0.128414	0.235305	
0.128414	0.235303	
0.128414	0.235301	
0.128414	0.235299	
0.128414	0.235298	
0.128414	0.235296	
0.128414	0.235294	
0.128414	0.235292	
0.128414	0.23529	
0.128414	0.235288	
0.128414	0.235287	
0.128414	0.235285	
0.128414	0.235283	
0.128414	0.235281	
0.128414	0.235279	
0.128414	0.235277	
0.128414	0.235276	
0.128414	0.235274	
0.128414	0.235272	
0.128414	0.23527	
0.128414	0.235268	
0.128414	0.235267	
0.128414	0.235265	
0.128414	0.235263	
0.128414	0.235261	
0.128414	0.23526	
0.128414	0.235258	
0.128415	0.235256	
0.128415	0.235254	
0.128415	0.235253	
0.128415	0.235251	
0.128415	0.235249	
0.128415	0.235247	
0.128415	0.235246	
0.128415	0.235244	
0.128415	0.235242	
0.128415	0.235241	
0.128415	0.235239	
0.128415	0.235237	
0.128415	0.235235	
0.128415	0.235234	
0.128415	0.235232	
0.128415	0.23523	
0.128415	0.235229	
0.128415	0.235227	
0.128415	0.235225	
0.128415	0.235224	
0.128415	0.235222	
0.128415	0.23522	
0.128415	0.235219	
0.128415	0.235217	
0.128415	0.235215	
0.128415	0.235214	
0.128415	0.235212	
0.128415	0.23521	
0.128415	0.235209	
0.128415	0.235207	
0.128415	0.235205	
0.128415	0.235204	
0.128415	0.235202	
0.128415	0.235201	
0.128415	0.235199	
0.128415	0.235197	
0.128415	0.235196	
0.128415	0.235194	
0.128415	0.235193	
0.128415	0.235191	
0.128415	0.235189	
0.128415	0.235188	
0.128415	0.235186	
0.128415	0.235185	
0.128415	0.235183	
0.128415	0.235182	
0.128415	0.23518	
0.128415	0.235178	
0.128415	0.235177	
0.128415	0.235175	
0.128415	0.235174	
0.128415	0.235172	
0.128415	0.235171	
0.128415	0.235169	
0.128415	0.235168	
0.128415	0.235166	
0.128415	0.235165	
0.128415	0.235163	
0.128415	0.235161	
0.128415	0.23516	
0.128415	0.235158	
0.128415	0.235157	
0.128415	0.235155	
0.128415	0.235154	
0.128415	0.235152	
0.128415	0.235151	
0.128415	0.235149	
0.128415	0.235148	
0.128415	0.235146	
0.128415	0.235145	
0.128415	0.235144	
0.128415	0.235142	
0.128415	0.235141	
0.128415	0.235139	
0.128415	0.235138	
0.128415	0.235136	
0.128415	0.235135	
0.128415	0.235133	
0.128415	0.235132	
0.128415	0.23513	
0.128415	0.235129	
0.128416	0.235128	
0.128416	0.235126	
0.128416	0.235125	
0.128416	0.235123	
0.128416	0.235122	
0.128416	0.23512	
0.128416	0.235119	
0.128416	0.235118	
0.128416	0.235116	
0.128416	0.235115	
0.128416	0.235113	
0.128416	0.235112	
0.128416	0.235111	
0.128416	0.235109	
0.128416	0.235108	
0.128416	0.235106	
0.128416	0.235105	
0.128416	0.235104	
0.128416	0.235102	
0.128416	0.235101	
0.128416	0.2351	
0.128416	0.235098	
0.128416	0.235097	
0.128416	0.235096	
0.128416	0.235094	
0.128416	0.235093	
0.128416	0.235091	
0.128416	0.23509	
0.128416	0.235089	
0.128416	0.235087	
0.128416	0.235086	
0.128416	0.235085	
0.128416	0.235083	
0.128416	0.235082	
0.128416	0.235081	
0.128416	0.23508	
0.128416	0.235078	
0.128416	0.235077	
0.128416	0.235076	
0.128416	0.235074	
0.128416	0.235073	
0.128416	0.235072	
0.128416	0.23507	
0.128416	0.235069	
0.128416	0.235068	
0.128416	0.235067	
0.128416	0.235065	
0.128416	0.235064	
0.128416	0.235063	
0.128416	0.235061	
0.128416	0.23506	
0.128416	0.235059	
0.128416	0.235058	
0.128416	0.235056	
0.128416	0.235055	
0.128416	0.235054	
0.128416	0.235053	
0.128416	0.235051	
0.128416	0.23505	
0.128416	0.235049	
0.128416	0.235048	
0.128416	0.235046	
0.128416	0.235045	
0.128416	0.235044	
0.128416	0.235043	
0.128416	0.235042	
0.128416	0.23504	
0.128416	0.235039	
0.128416	0.235038	
0.128416	0.235037	
0.128416	0.235035	
0.128416	0.235034	
0.128416	0.235033	
0.128416	0.235032	
0.128416	0.235031	
0.128416	0.235029	
0.128416	0.235028	
0.128416	0.235027	
0.128416	0.235026	
0.128416	0.235025	
0.128416	0.235024	
0.128416	0.235022	
0.128416	0.235021	
0.128416	0.23502	
0.128416	0.235019	
0.128416	0.235018	
0.128416	0.235017	
0.128416	0.235015	
0.128416	0.235014	
0.128416	0.235013	
0.128416	0.235012	
0.128416	0.235011	
0.128416	0.23501	
0.128416	0.235009	
0.128416	0.235007	
0.128416	0.235006	
0.128416	0.235005	
0.128416	0.235004	
0.128416	0.235003	
0.128416	0.235002	
0.128416	0.235001	
0.128417	0.235	
0.128417	0.234998	
0.128417	0.234997	
0.128417	0.234996	
0.128417	0.234995	
0.128417	0.234994	
0.128417	0.234993	
0.128417	0.234992	
0.128417	0.234991	
0.128417	0.23499	
0.128417	0.234989	
0.128417	0.234987	
0.128417	0.234986	
0.128417	0.234985	
0.128417	0.234984	
0.128417	0.234983	
0.128417	0.234982	
0.128417	0.234981	
0.128417	0.23498	
0.128417	0.234979	
0.128417	0.234978	
0.128417	0.234977	
0.128417	0.234976	
0.128417	0.234975	
0.128417	0.234974	
0.128417	0.234972	
0.128417	0.234971	
0.128417	0.23497	
0.128417	0.234969	
0.128417	0.234968	
0.128417	0.234967	
0.128417	0.234966	
0.128417	0.234965	
0.128417	0.234964	
0.128417	0.234963	
0.128417	0.234962	
0.128417	0.234961	
0.128417	0.23496	
0.128417	0.234959	
0.128417	0.234958	
0.128417	0.234957	
0.128417	0.234956	
0.128417	0.234955	
0.128417	0.234954	
0.128417	0.234953	
0.128417	0.234952	
0.128417	0.234951	
0.128417	0.23495	
0.128417	0.234949	
0.128417	0.234948	
0.128417	0.234947	
0.128417	0.234946	
0.128417	0.234945	
0.128417	0.234944	
0.128417	0.234943	
0.128417	0.234942	
0.128417	0.234941	
0.128417	0.23494	
0.128417	0.234939	
0.128417	0.234938	
0.128417	0.234937	
0.128417	0.234936	
0.128417	0.234935	
0.128417	0.234934	
0.128417	0.234934	
0.128417	0.234933	
0.128417	0.234932	
0.128417	0.234931	
0.128417	0.23493	
0.128417	0.234929	
0.128417	0.234928	
0.128417	0.234927	
0.128417	0.234926	
0.128417	0.234925	
0.128417	0.234924	
0.128417	0.234923	
0.128417	0.234922	
0.128417	0.234921	
0.128417	0.23492	
0.128417	0.23492	
0.128417	0.234919	
0.128417	0.234918	
0.128417	0.234917	
0.128417	0.234916	
0.128417	0.234915	
0.128417	0.234914	
0.128417	0.234913	
0.128417	0.234912	
0.128417	0.234911	
0.128417	0.23491	
0.128417	0.23491	
0.128417	0.234909	
0.128417	0.234908	
0.128417	0.234907	
0.128417	0.234906	
0.128417	0.234905	
0.128417	0.234904	
0.128417	0.234903	
0.128417	0.234903	
0.128417	0.234902	
0.128417	0.234901	
0.128417	0.2349	
0.128417	0.234899	
0.128417	0.234898	
0.128417	0.234897	
0.128417	0.234896	
0.128417	0.234896	
0.128417	0.234895	
0.128417	0.234894	
0.128417	0.234893	
0.128417	0.234892	
0.128417	0.234891	
0.128417	0.23489	
0.128417	0.23489	
0.128417	0.234889	
0.128417	0.234888	
0.128417	0.234887	
0.128417	0.234886	
0.128417	0.234885	
0.128417	0.234885	
0.128417	0.234884	
0.128417	0.234883	
0.128417	0.234882	
0.128417	0.234881	
0.128417	0.23488	
0.128417	0.23488	
0.128417	0.234879	
0.128417	0.234878	
0.128417	0.234877	
0.128417	0.234876	
0.128417	0.234876	
0.128417	0.234875	
0.128417	0.234874	
0.128417	0.234873	
0.128417	0.234872	
0.128417	0.234872	
0.128418	0.234871	
0.128418	0.23487	
0.128418	0.234869	
0.128418	0.234868	
0.128418	0.234868	
0.128418	0.234867	
0.128418	0.234866	
0.128418	0.234865	
0.128418	0.234864	
0.128418	0.234864	
0.128418	0.234863	
0.128418	0.234862	
0.128418	0.234861	
0.128418	0.234861	
0.128418	0.23486	
0.128418	0.234859	
0.128418	0.234858	
0.128418	0.234858	
0.128418	0.234857	
0.128418	0.234856	
0.128418	0.234855	
0.128418	0.234855	
0.128418	0.234854	
0.128418	0.234853	
0.128418	0.234852	
0.128418	0.234851	
0.128418	0.234851	
0.128418	0.23485	
0.128418	0.234849	
0.128418	0.234849	
0.128418	0.234848	
0.128418	0.234847	
0.128418	0.234846	
0.128418	0.234846	
0.128418	0.234845	
0.128418	0.234844	
0.128418	0.234843	
0.128418	0.234843	
0.128418	0.234842	
0.128418	0.234841	
0.128418	0.23484	
0.128418	0.23484	
0.128418	0.234839	
0.128418	0.234838	
0.128418	0.234838	
0.128418	0.234837	
0.128418	0.234836	
0.128418	0.234835	
0.128418	0.234835	
0.128418	0.234834	
0.128418	0.234833	
0.128418	0.234833	
0.128418	0.234832	
0.128418	0.234831	
0.128418	0.234831	
0.128418	0.23483	
0.128418	0.234829	
0.128418	0.234828	
0.128418	0.234828	
0.128418	0.234827	
0.128418	0.234826	
0.128418	0.234826	
0.128418	0.234825	
0.128418	0.234824	
0.128418	0.234824	
0.128418	0.234823	
0.128418	0.234822	
0.128418	0.234822	
0.128418	0.234821	
0.128418	0.23482	
0.128418	0.23482	
0.128418	0.234819	
0.128418	0.234818	
0.128418	0.234818	
0.128418	0.234817	
0.128418	0.234816	
0.128418	0.234816	
0.128418	0.234815	
0.128418	0.234814	
0.128418	0.234814	
0.128418	0.234813	
0.128418	0.234812	
0.128418	0.234812	
0.128418	0.234811	
0.128418	0.23481	
0.128418	0.23481	
0.128418	0.234809	
0.128418	0.234809	
0.128418	0.234808	
0.128418	0.234807	
0.128418	0.234807	
0.128418	0.234806	
0.128418	0.234805	
0.128418	0.234805	
0.128418	0.234804	
0.128418	0.234803	
0.128418	0.234803	
0.128418	0.234802	
0.128418	0.234802	
0.128418	0.234801	
0.128418	0.2348	
0.128418	0.2348	
0.128418	0.234799	
0.128418	0.234798	
0.128418	0.234798	
0.128418	0.234797	
0.128418	0.234797	
0.128418	0.234796	
0.128418	0.234795	
0.128418	0.234795	
0.128418	0.234794	
0.128418	0.234794	
0.128418	0.234793	
0.128418	0.234792	
0.128418	0.234792	
0.128418	0.234791	
0.128418	0.234791	
0.128418	0.23479	
0.128418	0.234789	
0.128418	0.234789	
0.128418	0.234788	
0.128418	0.234788	
0.128418	0.234787	
0.128418	0.234786	
0.128418	0.234786	
0.128418	0.234785	
0.128418	0.234785	
0.128418	0.234784	
0.128418	0.234784	
0.128418	0.234783	
0.128418	0.234782	
0.128418	0.234782	
0.128418	0.234781	
0.128418	0.234781	
0.128418	0.23478	
0.128418	0.234779	
0.128418	0.234779	
0.128418	0.234778	
0.128418	0.234778	
0.128418	0.234777	
0.128418	0.234777	
0.128418	0.234776	
0.128418	0.234776	
0.128418	0.234775	
0.128418	0.234774	
0.128418	0.234774	
0.128418	0.234773	
0.128418	0.234773	
0.128418	0.234772	
0.128418	0.234772	
0.128418	0.234771	
0.128418	0.234771	
0.128418	0.23477	
0.128418	0.234769	
0.128418	0.234769	
0.128418	0.234768	
0.128418	0.234768	
0.128418	0.234767	
0.128418	0.234767	
0.128418	0.234766	
0.128418	0.234766	
0.128418	0.234765	
0.128418	0.234765	
0.128418	0.234764	
0.128418	0.234764	
0.128418	0.234763	
0.128418	0.234762	
0.128418	0.234762	
0.128418	0.234761	
0.128418	0.234761	
0.128418	0.23476	
0.128418	0.23476	
0.128418	0.234759	
0.128418	0.234759	
0.128418	0.234758	
0.128418	0.234758	
0.128418	0.234757	
0.128418	0.234757	
0.128418	0.234756	
0.128418	0.234756	
0.128418	0.234755	
0.128418	0.234755	
0.128418	0.234754	
0.128418	0.234754	
0.128418	0.234753	
0.128418	0.234753	
0.128418	0.234752	
0.128418	0.234752	
0.128418	0.234751	
0.128418	0.234751	
0.128418	0.23475	
0.128418	0.23475	
0.128418	0.234749	
0.128418	0.234749	
0.128418	0.234748	
0.128418	0.234748	
0.128418	0.234747	
0.128418	0.234747	
0.128418	0.234746	
0.128418	0.234746	
0.128418	0.234745	
0.128418	0.234745	
0.128418	0.234744	
0.128418	0.234744	
0.128418	0.234743	
0.128419	0.234743	
0.128419	0.234742	
0.128419	0.234742	
0.128419	0.234741	
0.128419	0.234741	
0.128419	0.234741	
0.128419	0.23474	
0.128419	0.23474	
0.128419	0.234739	
0.128419	0.234739	
0.128419	0.234738	
0.128419	0.234738	
0.128419	0.234737	
0.128419	0.234737	
0.128419	0.234736	
0.128419	0.234736	
0.128419	0.234735	
0.128419	0.234735	
0.128419	0.234734	
0.128419	0.234734	
0.128419	0.234734	
0.128419	0.234733	
0.128419	0.234733	
0.128419	0.234732	
0.128419	0.234732	
0.128419	0.234731	
0.128419	0.234731	
0.128419	0.23473	
0.128419	0.23473	
0.128419	0.234729	
0.128419	0.234729	
0.128419	0.234729	
0.128419	0.234728	
0.128419	0.234728	
0.128419	0.234727	
0.128419	0.234727	
0.128419	0.234726	
0.128419	0.234726	
0.128419	0.234726	
0.128419	0.234725	
0.128419	0.234725	
0.128419	0.234724	
0.128419	0.234724	
0.128419	0.234723	
0.128419	0.234723	
0.128419	0.234723	
0.128419	0.234722	
0.128419	0.234722	
0.128419	0.234721	
0.128419	0.234721	
0.128419	0.23472	
0.128419	0.23472	
0.128419	0.23472	
0.128419	0.234719	
0.128419	0.234719	
0.128419	0.234718	
0.128419	0.234718	
0.128419	0.234717	
0.128419	0.234717	
0.128419	0.234717	
0.128419	0.234716	
0.128419	0.234716	
0.128419	0.234715	
0.128419	0.234715	
0.128419	0.234715	
0.128419	0.234714	
0.128419	0.234714	
0.128419	0.234713	
0.128419	0.234713	
0.128419	0.234713	
0.128419	0.234712	
0.128419	0.234712	
0.128419	0.234711	
0.128419	0.234711	
0.128419	0.234711	
0.128419	0.23471	
0.128419	0.23471	
0.128419	0.234709	
0.128419	0.234709	
0.128419	0.234709	
0.128419	0.234708	
0.128419	0.234708	
0.128419	0.234707	
0.128419	0.234707	
0.128419	0.234707	
0.128419	0.234706	
0.128419	0.234706	
0.128419	0.234705	
0.128419	0.234705	
0.128419	0.234705	
0.128419	0.234704	
0.128419	0.234704	
0.128419	0.234704	
0.128419	0.234703	
0.128419	0.234703	
0.128419	0.234702	
0.128419	0.234702	
0.128419	0.234702	
0.128419	0.234701	
0.128419	0.234701	
0.128419	0.234701	
0.128419	0.2347	
0.128419	0.2347	
0.128419	0.234699	
0.128419	0.234699	
0.128419	0.234699	
0.128419	0.234698	
0.128419	0.234698	
0.128419	0.234698	
0.128419	0.234697	
0.128419	0.234697	
0.128419	0.234696	
0.128419	0.234696	
0.128419	0.234696	
0.128419	0.234695	
0.128419	0.234695	
0.128419	0.234695	
0.128419	0.234694	
0.128419	0.234694	
0.128419	0.234694	
0.128419	0.234693	
0.128419	0.234693	
0.128419	0.234693	
0.128419	0.234692	
0.128419	0.234692	
0.128419	0.234691	
0.128419	0.234691	
0.128419	0.234691	
0.128419	0.23469	
0.128419	0.23469	
0.128419	0.23469	
0.128419	0.234689	
0.128419	0.234689	
0.128419	0.234689	
0.128419	0.234688	
0.128419	0.234688	
0.128419	0.234688	
0.128419	0.234687	
0.128419	0.234687	
0.128419	0.234687	
0.128419	0.234686	
0.128419	0.234686	
0.128419	0.234686	
0.128419	0.234685	
0.128419	0.234685	
0.128419	0.234685	
0.128419	0.234684	
0.128419	0.234684	
0.128419	0.234684	
0.128419	0.234683	
0.128419	0.234683	
0.128419	0.234683	
0.128419	0.234682	
0.128419	0.234682	
0.128419	0.234682	
0.128419	0.234681	
0.128419	0.234681	
0.128419	0.234681	
0.128419	0.23468	
0.128419	0.23468	
0.128419	0.23468	
0.128419	0.234679	
0.128419	0.234679	
0.128419	0.234679	
0.128419	0.234678	
0.128419	0.234678	
0.128419	0.234678	
0.128419	0.234677	
0.128419	0.234677	
0.128419	0.234677	
0.128419	0.234677	
0.128419	0.234676	
0.128419	0.234676	
0.128419	0.234676	
0.128419	0.234675	
0.128419	0.234675	
0.128419	0.234675	
0.128419	0.234674	
0.128419	0.234674	
0.128419	0.234674	
0.128419	0.234673	
0.128419	0.234673	
0.128419	0.234673	
0.128419	0.234673	
0.128419	0.234672	
0.128419	0.234672	
0.128419	0.234672	
0.128419	0.234671	
0.128419	0.234671	
0.128419	0.234671	
0.128419	0.23467	
0.128419	0.23467	
0.128419	0.23467	
0.128419	0.234669	
0.128419	0.234669	
0.128419	0.234669	
0.128419	0.234669	
0.128419	0.234668	
0.128419	0.234668	
0.128419	0.234668	
0.128419	0.234667	
0.128419	0.234667	
0.128419	0.234667	
0.128419	0.234667	
0.128419	0.234666	
0.128419	0.234666	
0.128419	0.234666	
0.128419	0.234665	
0.128419	0.234665	
0.128419	0.234665	
0.128419	0.234665	
0.128419	0.234664	
0.128419	0.234664	
0.128419	0.234664	
0.128419	0.234663	
0.128419	0.234663	
0.128419	0.234663	
0.128419	0.234663	
0.128419	0.234662	
0.128419	0.234662	
0.128419	0.234662	
0.128419	0.234661	
0.128419	0.234661	
0.128419	0.234661	
0.128419	0.234661	
0.128419	0.23466	
0.128419	0.23466	
0.128419	0.23466	
0.128419	0.23466	
0.128419	0.234659	
0.128419	0.234659	
0.128419	0.234659	
0.128419	0.234658	
0.128419	0.234658	
0.128419	0.234658	
0.128419	0.234658	
0.128419	0.234657	
0.128419	0.234657	
0.128419	0.234657	
0.128419	0.234657	
0.128419	0.234656	
0.128419	0.234656	
0.128419	0.234656	
0.128419	0.234656	
0.128419	0.234655	
0.128419	0.234655	
0.128419	0.234655	
0.128419	0.234655	
0.128419	0.234654	
0.128419	0.234654	
0.128419	0.234654	
0.128419	0.234653	
0.128419	0.234653	
0.128419	0.234653	
0.128419	0.234653	
0.128419	0.234652	
0.128419	0.234652	
0.128419	0.234652	
0.128419	0.234652	
0.128419	0.234651	
0.128419	0.234651	
0.128419	0.234651	
0.128419	0.234651	
0.128419	0.23465	
0.128419	0.23465	
0.128419	0.23465	
0.128419	0.23465	
0.128419	0.234649	
0.128419	0.234649	
0.128419	0.234649	
0.128419	0.234649	
0.128419	0.234648	
0.128419	0.234648	
0.128419	0.234648	
0.128419	0.234648	
0.128419	0.234647	
0.128419	0.234647	
0.128419	0.234647	
0.128419	0.234647	
0.128419	0.234647	
0.128419	0.234646	
0.128419	0.234646	
0.128419	0.234646	
0.128419	0.234646	
0.128419	0.234645	
0.128419	0.234645	
0.128419	0.234645	
0.128419	0.234645	
0.128419	0.234644	
0.128419	0.234644	
0.128419	0.234644	
0.128419	0.234644	
0.128419	0.234643	
0.128419	0.234643	
0.128419	0.234643	
0.128419	0.234643	
0.128419	0.234643	
0.128419	0.234642	
0.128419	0.234642	
0.128419	0.234642	
0.128419	0.234642	
0.128419	0.234641	
0.128419	0.234641	
0.128419	0.234641	
0.128419	0.234641	
0.128419	0.234641	
0.128419	0.23464	
0.128419	0.23464	
0.128419	0.23464	
0.128419	0.23464	
0.128419	0.234639	
0.128419	0.234639	
0.128419	0.234639	
0.128419	0.234639	
0.128419	0.234639	
0.128419	0.234638	
0.128419	0.234638	
0.128419	0.234638	
0.128419	0.234638	
0.128419	0.234637	
0.128419	0.234637	
0.128419	0.234637	
0.128419	0.234637	
0.128419	0.234637	
0.128419	0.234636	
0.128419	0.234636	
0.128419	0.234636	
0.128419	0.234636	
0.128419	0.234635	
0.128419	0.234635	
0.128419	0.234635	
0.128419	0.234635	
0.128419	0.234635	
0.128419	0.234634	
0.128419	0.234634	
0.128419	0.234634	
0.128419	0.234634	
0.128419	0.234634	
0.128419	0.234633	
0.128419	0.234633	
0.128419	0.234633	
0.128419	0.234633	
0.128419	0.234633	
0.128419	0.234632	
0.128419	0.234632	
0.128419	0.234632	
0.128419	0.234632	
0.128419	0.234632	
0.128419	0.234631	
0.128419	0.234631	
0.128419	0.234631	
0.128419	0.234631	
0.128419	0.234631	
0.128419	0.23463	
0.128419	0.23463	
0.128419	0.23463	
0.128419	0.23463	
0.128419	0.23463	
0.128419	0.234629	
0.128419	0.234629	
0.128419	0.234629	
0.128419	0.234629	
0.128419	0.234629	
0.128419	0.234628	
0.128419	0.234628	
0.128419	0.234628	
0.128419	0.234628	
0.128419	0.234628	
0.128419	0.234627	
0.128419	0.234627	
0.128419	0.234627	
0.128419	0.234627	
0.128419	0.234627	
0.128419	0.234626	
0.128419	0.234626	
0.128419	0.234626	
0.128419	0.234626	
0.128419	0.234626	
0.128419	0.234626	
0.128419	0.234625	
0.128419	0.234625	
0.128419	0.234625	
0.128419	0.234625	
0.128419	0.234625	
0.128419	0.234624	
0.128419	0.234624	
0.128419	0.234624	
0.128419	0.234624	
0.128419	0.234624	
0.128419	0.234623	
0.128419	0.234623	
0.128419	0.234623	
0.128419	0.234623	
0.128419	0.234623	
0.128419	0.234623	
0.128419	0.234622	
0.128419	0.234622	
0.128419	0.234622	
0.128419	0.234622	
0.128419	0.234622	
0.128419	0.234621	
0.128419	0.234621	
0.128419	0.234621	
0.128419	0.234621	
0.128419	0.234621	
0.128419	0.234621	
0.128419	0.23462	
0.128419	0.23462	
0.128419	0.23462	
0.128419	0.23462	
0.128419	0.23462	
0.128419	0.23462	
0.128419	0.234619	
0.128419	0.234619	
0.128419	0.234619	
0.128419	0.234619	
0.128419	0.234619	
0.128419	0.234619	
0.128419	0.234618	
0.128419	0.234618	
0.128419	0.234618	
0.128419	0.234618	
0.128419	0.234618	
0.128419	0.234618	
0.128419	0.234617	
0.128419	0.234617	
0.128419	0.234617	
0.128419	0.234617	
0.128419	0.234617	
0.128419	0.234617	
0.128419	0.234616	
0.128419	0.234616	
0.128419	0.234616	
0.128419	0.234616	
0.128419	0.234616	
0.128419	0.234616	
0.128419	0.234615	
0.128419	0.234615	
0.128419	0.234615	
0.128419	0.234615	
0.12842	0.234615	
0.12842	0.234615	
0.12842	0.234614	
0.12842	0.234614	
0.12842	0.234614	
0.12842	0.234614	
0.12842	0.234614	
0.12842	0.234614	
0.12842	0.234613	
0.12842	0.234613	
0.12842	0.234613	
0.12842	0.234613	
0.12842	0.234613	
0.12842	0.234613	
0.12842	0.234613	
0.12842	0.234612	
0.12842	0.234612	
0.12842	0.234612	
0.12842	0.234612	
0.12842	0.234612	
0.12842	0.234612	
0.12842	0.234611	
0.12842	0.234611	
0.12842	0.234611	
0.12842	0.234611	
0.12842	0.234611	
0.12842	0.234611	
0.12842	0.234611	
0.12842	0.23461	
0.12842	0.23461	
0.12842	0.23461	
0.12842	0.23461	
0.12842	0.23461	
0.12842	0.23461	
0.12842	0.234609	
0.12842	0.234609	
0.12842	0.234609	
0.12842	0.234609	
0.12842	0.234609	
0.12842	0.234609	
0.12842	0.234609	
0.12842	0.234608	
0.12842	0.234608	
0.12842	0.234608	
0.12842	0.234608	
0.12842	0.234608	
0.12842	0.234608	
0.12842	0.234608	
0.12842	0.234607	
0.12842	0.234607	
0.12842	0.234607	
0.12842	0.234607	
0.12842	0.234607	
0.12842	0.234607	
0.12842	0.234607	
0.12842	0.234606	
0.12842	0.234606	
0.12842	0.234606	
0.12842	0.234606	
0.12842	0.234606	
0.12842	0.234606	
0.12842	0.234606	
0.12842	0.234606	
0.12842	0.234605	
0.12842	0.234605	
0.12842	0.234605	
0.12842	0.234605	
0.12842	0.234605	
0.12842	0.234605	
0.12842	0.234605	
0.12842	0.234604	
0.12842	0.234604	
0.12842	0.234604	
0.12842	0.234604	
0.12842	0.234604	
0.12842	0.234604	
0.12842	0.234604	
0.12842	0.234603	
0.12842	0.234603	
0.12842	0.234603	
0.12842	0.234603	
0.12842	0.234603	
0.12842	0.234603	
0.12842	0.234603	
0.12842	0.234603	
0.12842	0.234602	
0.12842	0.234602	
0.12842	0.234602	
0.12842	0.234602	
0.12842	0.234602	
0.12842	0.234602	
0.12842	0.234602	
0.12842	0.234602	
0.12842	0.234601	
0.12842	0.234601	
0.12842	0.234601	
0.12842	0.234601	
0.12842	0.234601	
0.12842	0.234601	
0.12842	0.234601	
0.12842	0.234601	
0.12842	0.2346	
0.12842	0.2346	
0.12842	0.2346	
0.12842	0.2346	
0.12842	0.2346	
0.12842	0.2346	
0.12842	0.2346	
0.12842	0.2346	
0.12842	0.234599	
0.12842	0.234599	
0.12842	0.234599	
0.12842	0.234599	
0.12842	0.234599	
0.12842	0.234599	
0.12842	0.234599	
0.12842	0.234599	
0.12842	0.234598	
0.12842	0.234598	
0.12842	0.234598	
0.12842	0.234598	
0.12842	0.234598	
0.12842	0.234598	
0.12842	0.234598	
0.12842	0.234598	
0.12842	0.234597	
0.12842	0.234597	
0.12842	0.234597	
0.12842	0.234597	
0.12842	0.234597	
0.12842	0.234597	
0.12842	0.234597	
0.12842	0.234597	
0.12842	0.234597	
0.12842	0.234596	
0.12842	0.234596	
0.12842	0.234596	
0.12842	0.234596	
0.12842	0.234596	
0.12842	0.234596	
0.12842	0.234596	
0.12842	0.234596	
0.12842	0.234596	
0.12842	0.234595	
0.12842	0.234595	
0.12842	0.234595	
0.12842	0.234595	
0.12842	0.234595	
0.12842	0.234595	
0.12842	0.234595	
0.12842	0.234595	
0.12842	0.234595	
0.12842	0.234594	
0.12842	0.234594	
0.12842	0.234594	
0.12842	0.234594	
0.12842	0.234594	
0.12842	0.234594	
0.12842	0.234594	
0.12842	0.234594	
0.12842	0.234594	
0.12842	0.234593	
0.12842	0.234593	
0.12842	0.234593	
0.12842	0.234593	
0.12842	0.234593	
0.12842	0.234593	
0.12842	0.234593	
0.12842	0.234593	
0.12842	0.234593	
0.12842	0.234592	
0.12842	0.234592	
0.12842	0.234592	
0.12842	0.234592	
0.12842	0.234592	
0.12842	0.234592	
0.12842	0.234592	
0.12842	0.234592	
0.12842	0.234592	
0.12842	0.234592	
0.12842	0.234591	
0.12842	0.234591	
0.12842	0.234591	
0.12842	0.234591	
0.12842	0.234591	
0.12842	0.234591	
0.12842	0.234591	
0.12842	0.234591	
0.12842	0.234591	
0.12842	0.234591	
0.12842	0.23459	
0.12842	0.23459	
0.12842	0.23459	
0.12842	0.23459	
0.12842	0.23459	
0.12842	0.23459	
0.12842	0.23459	
0.12842	0.23459	
0.12842	0.23459	
0.12842	0.23459	
0.12842	0.234589	
0.12842	0.234589	
0.12842	0.234589	
0.12842	0.234589	
0.12842	0.234589	
0.12842	0.234589	
0.12842	0.234589	
0.12842	0.234589	
0.12842	0.234589	
0.12842	0.234589	
0.12842	0.234588	
0.12842	0.234588	
0.12842	0.234588	
0.12842	0.234588	
0.12842	0.234588	
0.12842	0.234588	
0.12842	0.234588	
0.12842	0.234588	
0.12842	0.234588	
0.12842	0.234588	
0.12842	0.234588	
0.12842	0.234587	
0.12842	0.234587	
0.12842	0.234587	
0.12842	0.234587	
0.12842	0.234587	
0.12842	0.234587	
0.12842	0.234587	
0.12842	0.234587	
0.12842	0.234587	
0.12842	0.234587	
0.12842	0.234586	
0.12842	0.234586	
0.12842	0.234586	
0.12842	0.234586	
0.12842	0.234586	
0.12842	0.234586	
0.12842	0.234586	
0.12842	0.234586	
0.12842	0.234586	
0.12842	0.234586	
0.12842	0.234586	
0.12842	0.234586	
0.12842	0.234585	
0.12842	0.234585	
0.12842	0.234585	
0.12842	0.234585	
0.12842	0.234585	
0.12842	0.234585	
0.12842	0.234585	
0.12842	0.234585	
0.12842	0.234585	
0.12842	0.234585	
0.12842	0.234585	
0.12842	0.234584	
0.12842	0.234584	
0.12842	0.234584	
0.12842	0.234584	
0.12842	0.234584	
0.12842	0.234584	
0.12842	0.234584	
0.12842	0.234584	
0.12842	0.234584	
0.12842	0.234584	
0.12842	0.234584	
0.12842	0.234584	
0.12842	0.234583	
0.12842	0.234583	
0.12842	0.234583	
0.12842	0.234583	
0.12842	0.234583	
0.12842	0.234583	
0.12842	0.234583	
0.12842	0.234583	
0.12842	0.234583	
0.12842	0.234583	
0.12842	0.234583	
